%YAML:1.0
# Input-output configuration
input: [848, 800]
output: [800, 800]

# Camera calibration parameter
K1: !!opencv-matrix
   rows: 3
   cols: 3
   dt: d
   data: [ 289.22431161906024, 0.0, 415.35740667946783,
           0.0, 288.9799586082012, 404.7018605999265,
           0.0, 0.0, 1.0 ]
D1: !!opencv-matrix
   rows: 1
   cols: 4
   dt: d
   data: [ -0.02124170439107891, 0.07311021781479196, -0.06446836883745513, 0.013266403411735362 ]
K2: !!opencv-matrix
   rows: 3
   cols: 3
   dt: d
   data: [ 284.285400390625, 0.0, 431.7026062011719,
           0.0, 285.2674865722656, 385.2261962890625,
           0.0, 0.0, 1.0 ]
D2: !!opencv-matrix
   rows: 1
   cols: 4
   dt: d
   data: [ 0.0007516997284255922, 0.032092008739709854, -0.03002322092652321, 0.004072860814630985]
R: !!opencv-matrix
   rows: 3
   cols: 3
   dt: d
   data: [ 9.99994218e-01, -8.26635107e-04, -3.29655036e-03,
           8.28813005e-04,  9.99999523e-01,  6.59199432e-04,
           3.29600368e-03, -6.61927043e-04,  9.99994397e-01]
T: [ -6.42428249e-02, -1.58874827e-05, 3.78768891e-06 ]
